	Ensemble						Hommes						Femmes																																																																	
	0 à 19 ans	20 à 39 ans	40 à 59 ans	60 à 74 ans	75 ans et plus	Total	0 à 19 ans	20 à 39 ans	40 à 59 ans	60 à 74 ans	75 ans et plus	Total	0 à 19 ans	20 à 39 ans	40 à 59 ans	60 à 74 ans	75 ans et plus	Total																																																												
Ain	152564	146329	160690	66927	40230	566740	78181	73624	80636	32435	15114	279990	74383	72705	80054	34492	25116	286750																																																												
Aisne	141723	132064	152396	66219	44659	537061	72541	65909	75962	30384	15966	260762	69182	66155	76434	35835	28693	276299																																																												
Allier	71834	75578	98440	55656	41801	343309	36854	38213	48712	25430	15326	164535	34980	37365	49728	30226	26475	178774																																																												
Alpes-de-Haute-Provence	36047	33002	44789	24983	15680	154501	18635	16202	22004	11962	6047	74850	17412	16800	22785	13021	9633	79651																																																												
Hautes-Alpes	31176	29853	37934	19128	12661	130752	15989	15022	18941	9095	4910	63957	15187	14831	18993	10033	7751	66795																																																												
Alpes-Maritimes	237971	256807	289337	167748	121321	1073184	122206	125112	137340	76227	44086	504971	115765	131695	151997	91521	77235	568213																																																												
Ardèche	71763	68840	87513	46299	31823	306238	36964	34540	43791	22191	11813	149299	34799	34300	43722	24108	20010	156939																																																												
Ardennes	73566	70314	81440	36902	23431	285653	37932	35511	40860	17203	8391	139897	35634	34803	40580	19699	15040	145756																																																												
Ariège	31810	31330	42582	23098	17469	146289	16339	15710	21414	10941	6880	71284	15471	15620	21168	12157	10589	75005																																																												
Aube	74016	74770	84671	39602	26645	299704	37827	37730	41927	18451	9637	145572	36189	37040	42744	21151	17008	154132																																																												
Aude	75872	76923	95357	54418	38452	341022	38752	38425	46859	25640	15039	164715	37120	38498	48498	28778	23413	176307																																																												
Aveyron	56837	59803	76928	45293	34516	273377	29360	30546	39032	21527	13378	133843	27477	29257	37896	23766	21138	139534																																																												
Bouches-du-Rhône	479982	510603	526532	257243	163045	1937405	245452	247722	251100	118971	59045	922290	234530	262881	275432	138272	104000	1015115																																																												
Calvados	172210	174640	185310	84372	54819	671351	87467	86602	90832	38037	19374	322312	84743	88038	94478	46335	35445	349039																																																												
Cantal	29331	33172	44142	24686	18351	149682	15077	16983	22425	11623	6921	73029	14254	16189	21717	13063	11430	76653																																																												
Charente	76720	79041	101346	52260	37670	347037	39348	39446	50189	24620	14250	167853	37372	39595	51157	27640	23420	179184																																																												
Charente-Maritime	131164	135185	169490	96722	66354	598915	67275	67732	82269	45325	25479	288080	63889	67453	87221	51397	40875	310835																																																												
Cher	71005	71708	90713	48668	32581	314675	35976	36310	45030	23005	12096	152417	35029	35398	45683	25663	20485	162258																																																												
Corrèze	47512	53655	68819	39171	31206	240363	24521	27962	34530	18133	11565	116711	22991	25693	34289	21038	19641	123652																																																												
Corse-du-Sud	29096	32143	39420	21953	13106	135718	15296	15589	19299	10361	5028	65573	13800	16554	20121	11592	8078	70145																																																												
Haute-Corse	34180	39518	45286	24361	15055	158400	17566	20041	22463	11774	5667	77511	16614	19477	22823	12587	9388	80889																																																												
Côte-d'Or	126456	139093	143530	64476	43613	517168	64124	68612	70749	30172	15869	249526	62332	70481	72781	34304	27744	267642																																																												
Côtes-d'Armor	132819	125920	159578	90128	62416	570861	68487	63849	79657	41450	22038	275481	64332	62071	79921	48678	40378	295380																																																												
Creuse	23210	24482	35901	21507	18301	123401	12007	12559	18310	10166	7010	60052	11203	11923	17591	11341	11291	63349																																																												
Dordogne	83570	82900	117961	69057	50564	404052	42789	41199	58088	32742	19287	194105	40781	41701	59873	36315	31277	209947																																																												
Doubs	132425	141690	139616	64605	37821	516157	68036	71875	69213	30281	14060	253465	64389	69815	70403	34324	23761	262692																																																												
Drôme	118024	111907	131109	66218	41350	468608	60944	55851	64058	31219	15673	227745	57080	56056	67051	34999	25677	240863																																																												
Eure	153417	143181	162311	67768	40544	567221	78608	71267	80831	31912	14796	277414	74809	71914	81480	35856	25748	289807																																																												
Eure-et-Loir	109196	106453	118552	51725	35188	421114	56218	53441	59159	24490	13595	206903	52978	53012	59393	27235	21593	214211																																																												
Finistère	211418	214616	246663	123957	86347	883001	108286	110137	123614	55431	29246	426714	103132	104479	123049	68526	57101	456287																																																												
Gard	167569	161370	194026	98644	61560	683169	85735	79242	94451	46456	23291	329175	81834	82128	99575	52188	38269	353994																																																												
Haute-Garonne	291059	358968	318300	132278	85725	1186330	147989	180696	155823	61457	31444	577409	143070	178272	162477	70821	54281	608921																																																												
Gers	37512	36683	53615	30674	22891	181375	19172	18398	26624	14871	9272	88337	18340	18285	26991	15803	13619	93038																																																												
Gironde	333124	381191	389894	170787	118762	1393758	169747	187598	188316	78527	42528	666716	163377	193593	201578	92260	76234	727042																																																												
Hérault	242707	263206	266454	139553	89121	1001041	123542	127641	126378	64966	34398	476925	119165	135565	140076	74587	54723	524116																																																												
Ille-et-Vilaine	247039	271164	247920	108458	71270	945851	125599	136918	123006	49793	25991	461307	121440	134246	124914	58665	45279	484544																																																												
Indre	49005	51720	65898	38136	28200	232959	24909	26383	33085	17889	10649	112915	24096	25337	32813	20247	17551	120044																																																												
Indre-et-Loire	143290	148830	159053	76293	52846	580312	72665	73256	77620	35522	19613	278676	70625	75574	81433	40771	33233	301636																																																												
Isère	308372	324217	315764	139908	81230	1169491	158825	163940	155743	66361	30259	575128	149547	160277	160021	73547	50971	594363																																																												
Jura	63422	60614	71858	36295	25210	257399	32870	30389	35892	17194	9368	125713	30552	30225	35966	19101	15842	131686																																																												
Landes	79855	81151	105603	57275	38943	362827	41310	41012	51949	27028	14592	175891	38545	40139	53654	30247	24351	186936																																																												
Loir-et-Cher	75597	75098	91247	48163	35077	325182	38508	37842	45333	22667	13636	157986	37089	37256	45914	25496	21441	167196																																																												
Loire	181792	182372	201806	104050	71249	741269	93071	91644	98947	47958	25132	356752	88721	90728	102859	56092	46117	384517																																																												
Haute-Loire	51705	50517	62250	32385	22627	219484	26600	25747	31831	15274	8196	107648	25105	24770	30419	17111	14431	111836																																																												
Loire-Atlantique	322638	334874	337550	145620	93403	1234085	165074	168523	166119	66089	32462	598267	157564	166351	171431	79531	60941	635818																																																												
Loiret	165636	167529	177883	80547	53730	645325	84770	84028	87831	38164	20494	315287	80866	83501	90052	42383	33236	330038																																																												
Lot	34562	34288	49531	29539	21611	169531	17764	17225	24577	14074	8510	82150	16798	17063	24954	15465	13101	87381																																																												
Lot-et-Garonne	71795	70779	91028	51263	37427	322292	36891	35311	44505	24128	14485	155320	34904	35468	46523	27135	22942	166972																																																												
Lozère	16898	17730	22101	11583	8488	76800	8968	9078	11446	5671	3338	38501	7930	8652	10655	5912	5150	38299																																																												
Maine-et-Loire	204051	201816	204251	92298	64243	766659	104070	100944	100721	42587	24116	372438	99981	100872	103530	49711	40127	394221																																																												
Manche	119860	112534	138043	71798	50328	492563	61256	57077	69976	33118	18438	239865	58604	55457	68067	38680	31890	252698																																																												
Marne	143196	156951	156610	66066	43018	565841	73331	79121	76713	30563	15070	274798	69865	77830	79897	35503	27948	291043																																																												
Haute-Marne	44122	43820	54166	26871	18673	187652	22671	22551	27135	12713	6812	91882	21451	21269	27031	14158	11861	95770																																																												
Mayenne	78138	72746	80680	39032	28404	299000	40220	37481	40617	18254	10726	147298	37918	35265	40063	20778	17678	151702																																																												
Meurthe-et-Moselle	181344	200356	198278	88916	56408	725302	92504	100614	97145	40578	19787	350628	88840	99742	101133	48338	36621	374674																																																												
Meuse	48426	46923	55743	25247	17357	193696	25171	24222	28393	11774	6223	95783	23255	22701	27350	13473	11134	97913																																																												
Morbihan	166077	164629	196278	103015	64822	694821	85630	84911	97297	47326	22628	337792	80447	79718	98981	55689	42194	357029																																																												
Moselle	251522	276409	301108	132957	74780	1036776	129038	140323	149715	62244	26953	508273	122484	136086	151393	70713	47827	528503																																																												
Nièvre	46160	46125	64896	37678	27361	222220	23627	23337	32232	17591	9949	106736	22533	22788	32664	20087	17412	115484																																																												
Nord	714845	718061	681657	277703	172991	2565257	365840	356658	332442	123122	57818	1235880	349005	361403	349215	154581	115173	1329377																																																												
Oise	219109	213362	226824	85177	48503	792975	112092	107231	113254	40527	17665	390769	107017	106131	113570	44650	30838	402206																																																												
Orne	70192	66402	82643	43108	30534	292879	36127	33663	41412	20099	11352	142653	34065	32739	41231	23009	19182	150226																																																												
Pas-de-Calais	395967	377761	401635	168868	109156	1453387	203015	188507	198803	74141	36021	700487	192952	189254	202832	94727	73135	752900																																																												
Puy-de-Dôme	140626	162935	178607	85063	56232	623463	71435	82087	88307	39709	19660	301198	69191	80848	90300	45354	36572	322265																																																												
Pyrénées-Atlantiques	141407	153050	180903	95217	66272	636849	72844	77561	88072	43859	24203	306539	68563	75489	92831	51358	42069	330310																																																												
Hautes-Pyrénées	47333	49647	66968	37368	26420	227736	24357	25223	32801	17250	9671	109302	22976	24424	34167	20118	16749	118434																																																												
Pyrénées-Orientales	97584	98747	116653	70698	48430	432112	49906	47738	55621	32760	18583	204608	47678	51009	61032	37938	29847	227504																																																												
Bas-Rhin	269189	306264	301909	128347	73307	1079016	136963	152606	150698	60398	24638	525303	132226	153658	151211	67949	48669	553713																																																												
Haut-Rhin	184340	194901	211283	92351	53602	736477	94345	98204	106083	44039	18486	361157	89995	96697	105200	48312	35116	375320																																																												
Rhône	432389	489995	428079	196978	122214	1669655	219266	240302	206545	91566	43210	800889	213123	249693	221534	105412	79004	868766																																																												
Haute-Saône	58194	56638	67862	32309	20864	235867	29989	28979	34166	15439	7682	116255	28205	27659	33696	16870	13182	119612																																																												
Saône-et-Loire	124301	122623	157976	84205	60256	549361	64279	62022	78778	39365	22259	266703	60022	60601	79198	44840	37997	282658																																																												
Sarthe	139667	137504	151858	73139	51316	553484	71273	69860	75660	34000	19262	270055	68394	67644	76198	39139	32054	283429																																																												
Savoie	99559	104960	113642	52446	32483	403090	51504	53601	56690	24611	11682	198088	48055	51359	56952	27835	20801	205002																																																												
Haute-Savoie	180594	190860	198089	82164	44548	696255	93595	96434	98048	39046	16256	343379	86999	94426	100041	43118	28292	352876																																																												
Paris	435096	776146	568538	242247	159344	2181371	219210	377915	269555	107343	52849	1026872	215886	398231	298983	134904	106495	1154499																																																												
Seine-Maritime	322648	329320	342873	151371	97622	1243834	163890	163057	167140	68637	34369	597093	158758	166263	175733	82734	63253	646741																																																												
Seine-et-Marne	365124	357742	361968	122256	66398	1273488	186367	175998	179273	58631	23597	623866	178757	181744	182695	63625	42801	649622																																																												
Yvelines	387879	379628	394638	153872	79787	1395804	199327	188789	191542	73629	29391	682678	188552	190839	203096	80243	50396	713126																																																												
Deux-Sèvres	84557	84528	101963	51181	37482	359711	43858	42736	50804	24449	14851	176698	40699	41792	51159	26732	22631	183013																																																												
Somme	144728	151125	154334	69062	45070	564319	73685	75137	76354	31629	16372	273177	71043	75988	77980	37433	28698	291142																																																												
Tarn	81596	81318	103432	55794	43195	365335	41668	40660	50688	26096	16812	175924	39928	40658	52744	29698	26383	189411																																																												
Tarn-et-Garonne	53623	53198	63878	32654	23496	226849	27607	26475	31844	15457	9178	110561	26016	26723	32034	17197	14318	116288																																																												
Var	223373	223251	272809	163032	102634	985099	114306	111381	131099	76635	39136	472557	109067	111870	141710	86397	63498	512542																																																												
Vaucluse	134478	129937	147981	75305	46590	534291	69039	63985	71493	35038	17483	257038	65439	65952	76488	40267	29107	277253																																																												
Vendée	142611	142979	165967	88537	57091	597185	73028	72940	83067	41876	21616	292527	69583	70039	82900	46661	35475	304658																																																												
Vienne	99388	109805	113544	55702	40021	418460	50424	54370	56175	26420	15360	202749	48964	55435	57369	29282	24661	215711																																																												
Haute-Vienne	77871	90585	103967	53733	41000	367156	39714	44965	50963	25069	15170	175881	38157	45620	53004	28664	25830	191275																																																												
Vosges	92183	90808	109779	52352	34853	379975	47432	46464	54691	24224	11876	184687	44751	44344	55088	28128	22977	195288																																																												
Yonne	81010	78073	96626	48711	35668	340088	41570	39128	48186	23090	13267	165241	39440	38945	48440	25621	22401	174847																																																												
Territoire de Belfort	35195	38903	39275	17234	10594	141201	18267	20786	19582	7986	3699	70320	16928	18117	19693	9248	6895	70881																																																												
Essonne	331789	339107	333712	128082	65583	1198273	169276	169804	164174	60800	23680	587734	162513	169303	169538	67282	41903	610539																																																												
Hauts-de-Seine	383790	484928	402952	158477	105953	1536100	195112	236931	192221	71802	36267	732333	188678	247997	210731	86675	69686	803767																																																												
Seine-Saint-Denis	432584	454114	394306	139022	71944	1491970	220303	221624	194969	67540	25366	729802	212281	232490	199337	71482	46578	762168																																																												
Val-de-Marne	334385	388893	353961	137027	84074	1298340	170617	190201	171588	63047	28953	624406	163768	198692	182373	73980	55121	673934																																																												
Val-d'Oise	337810	328244	323885	108429	58684	1157052	172686	160008	157529	51475	20852	562550	165124	168236	166356	56954	37832	594502																																																												
	15280401	16226472	16967166	7839700	5085994	61399733	7814800	8083203	8329031	3642839	1844538	29714411	7465601	8143269	8638135	4196861	3241456	31685322																																																												
Guadeloupe	124050	101499	109121	44114	21952	400736	63601	45987	50457	20181	8546	188772	60449	55512	58664	23933	13406	211964																																																												
Martinique	114809	99421	111263	47758	24481	397732	58288	45310	50911	21815	9295	185619	56521	54111	60352	25943	15186	212113																																																												
Guyane	92528	60648	40878	8896	3004	205954	46744	28661	20826	4544	1257	102032	45784	31987	20052	4352	1747	103922																																																												
La Réunion 	275965	227033	192735	62458	23771	781962	140283	107900	93844	28488	8695	379210	135682	119133	98891	33970	15076	402752																																																												
	607352	488601	453997	163226	73208	1786384	308916	227858	216038	75028	27793	855633	298436	260743	237959	88198	45415	930751																																																												
	15887753	16715073	17421163	8002926	5159202	63186117	8123716	8311061	8545069	3717867	1872331	30570044	7764037	8404012	8876094	4285059	3286871	32616073																																																												
																																																																														
																																																																														
																																																																														
																																																																														
																																																																														
																																																																														
																																																																														
																																																																														
																																																																														
																																																																														
