	Ensemble						Hommes						Femmes																																																
	0 à 19 ans	20 à 39 ans	40 à 59 ans	60 à 74 ans	75 ans et plus	Total	0 à 19 ans	20 à 39 ans	40 à 59 ans	60 à 74 ans	75 ans et plus	Total	0 à 19 ans	20 à 39 ans	40 à 59 ans	60 à 74 ans	75 ans et plus	Total																																											
Ain	139266	144996	122405	61197	27263	495127	71297	73445	62983	28832	9538	246095	67969	71551	59422	32365	17725	249032																																											
Aisne	152767	153222	125346	77602	29387	538324	78223	77489	63519	35183	9766	264180	74544	75733	61827	42419	19621	274144																																											
Allier	76970	90782	87056	65145	31105	351058	39440	45958	43357	29459	10836	169050	37530	44824	43699	35686	20269	182008																																											
Alpes-de-Haute-Provence	32295	36287	34114	23259	10437	136392	16608	18225	17200	11085	3904	67022	15687	18062	16914	12174	6533	69370																																											
Hautes-Alpes	29321	32833	28682	18207	8487	117530	15115	16614	14440	8695	3124	57988	14206	16219	14242	9512	5363	59542																																											
Alpes-Maritimes	218558	264742	245410	173257	96735	998702	111927	128517	117747	76643	33791	468625	106631	136225	127663	96614	62944	530077																																											
Ardèche	68314	74763	69543	47122	21745	281487	35134	38122	35179	22164	7419	138018	33180	36641	34364	24958	14326	143469																																											
Ardennes	82817	83770	68844	42159	15778	293368	42508	42573	34984	19165	5184	144414	40309	41197	33860	22994	10594	148954																																											
Ariège	29566	34533	32742	26459	13196	136496	15314	17509	16651	12545	5061	67080	14252	17024	16091	13914	8135	69416																																											
Aube	76916	83204	71101	41672	19682	292575	39432	42180	35851	18911	6907	143281	37484	41024	35250	22761	12775	149294																																											
Aude	68234	78582	72170	57261	27157	303404	35205	40223	35642	26760	10217	148047	33029	38359	36528	30501	16940	155357																																											
Aveyron	58013	66987	64717	51129	25627	266473	29895	34694	32710	24096	9473	130868	28118	32293	32007	27033	16154	135605																																											
Bouches-du-Rhône	457907	528538	451543	252033	112181	1802202	234556	258912	222583	114275	39224	869550	223351	269626	228960	137758	72957	932652																																											
Calvados	176014	189665	148045	85332	34682	633738	89442	94223	73229	37999	11027	305920	86572	95442	74816	47333	23655	327818																																											
Cantal	34134	40910	37859	28523	13204	154630	17571	21105	19441	13320	4691	76128	16563	19805	18418	15203	8513	78502																																											
Charente	81190	92240	83492	57150	27299	341371	41638	46527	41608	26605	9759	166137	39552	45713	41884	30545	17540	175234																																											
Charente-Maritime	126840	140592	131809	97832	43706	540779	65165	70512	64807	45547	16015	262046	61675	70080	67002	52285	27691	278733																																											
Cher	75454	86351	78716	52471	25258	318250	38636	43901	39945	24388	8762	155632	36818	42450	38771	28083	16496	162618																																											
Corrèze	48875	59970	57746	46245	22586	235422	25231	30765	28918	21114	8079	114107	23644	29205	28828	25131	14507	121315																																											
Corse-du-Sud	28658	32918	30237	19474	8466	119753	14877	16085	15506	9045	2946	58459	13781	16833	14731	10429	5520	61294																																											
Haute-Corse	31687	39538	35072	22181	10185	138663	16162	19941	18503	10299	3599	68504	15525	19597	16569	11882	6586	70159																																											
Côte-d'Or	131910	153422	119884	66392	31159	502767	66657	75857	60094	30243	10805	243656	65253	77565	59790	36149	20354	259111																																											
Côtes-d'Armor	131553	136610	129616	98424	40806	537009	67419	70275	64715	44117	13156	259682	64134	66335	64901	54307	27650	277327																																											
Creuse	24369	30378	29907	27881	14467	127002	12556	15825	15377	13154	5085	61997	11813	14553	14530	14727	9382	65005																																											
Dordogne	82838	96169	94872	76946	36116	386941	42541	48578	47031	35892	13246	187288	40297	47591	47841	41054	22870	199653																																											
Doubs	137444	150491	119581	62215	25332	495063	70179	75656	60184	28470	8622	243111	67265	74835	59397	33745	16710	251952																																											
Drôme	113619	118132	105277	62612	27868	427508	58373	59369	52382	28927	9896	208947	55246	58763	52895	33685	17972	218561																																											
Eure	153932	155410	127903	66583	27849	531677	79027	78118	65223	30832	9347	262547	74905	77292	62680	35751	18502	269130																																											
Eure-et-Loir	115393	114792	97444	53859	24880	406368	59059	57513	49909	25088	9105	200674	56334	57279	47535	28771	15775	205694																																											
Finistère	211611	236433	196981	137201	59072	841298	108683	122342	98419	59768	18725	407937	102928	114091	98562	77433	40347	433361																																											
Gard	152072	165641	149870	95829	42001	605413	77783	82602	74519	44268	15185	294357	74289	83039	75351	51561	26816	311056																																											
Haute-Garonne	239441	329948	237646	125956	58142	991133	121908	164261	116787	57158	20907	481021	117533	165687	120859	68798	37235	510112																																											
Gers	35713	43143	43239	34066	16489	172650	18474	21937	21809	16566	6389	85175	17239	21206	21430	17500	10100	87475																																											
Gironde	311657	381964	305608	176174	81062	1256465	158854	187956	150207	79098	27133	603248	152803	194008	155401	97076	53929	653217																																											
Hérault	208322	250132	201490	131478	58615	850037	106145	121620	97672	60237	21480	407154	102177	128512	103818	71241	37135	442883																																											
Ille-et-Vilaine	227781	258500	190739	110849	44986	832855	115944	129714	94518	49740	14510	404426	111837	128786	96221	61109	30476	428429																																											
Indre	51162	60896	56813	43337	21848	234056	26152	31135	28787	20186	7989	114249	25010	29761	28026	23151	13859	119807																																											
Indre-et-Loire	139007	160244	129635	76895	37701	543482	70139	79150	64037	35475	13381	262182	68868	81094	65598	41420	24320	281300																																											
Isère	292227	326290	258287	129956	53008	1059768	149809	164812	129901	59846	17832	522200	142418	161478	128386	70110	35176	537568																																											
Jura	64905	68847	59963	39060	17734	250509	33283	34992	30423	18024	6374	123096	31622	33855	29540	21036	11360	127413																																											
Landes	72467	84898	79324	57475	25614	319778	37474	43417	39354	26947	8792	155984	34993	41481	39970	30528	16822	163794																																											
Loir-et-Cher	76039	83686	74383	51980	25502	311590	38972	42416	37409	24448	9275	152520	37067	41270	36974	27532	16227	159070																																											
Loire	193568	203482	181616	111700	49825	740191	98987	102184	90243	50013	16260	357687	94581	101298	91373	61687	33565	382504																																											
Haute-Loire	50018	55387	49682	35470	15954	206511	25828	28603	25603	16206	5380	101620	24190	26784	24079	19264	10574	104891																																											
Loire-Atlantique	305451	324335	262597	144697	58953	1096033	155968	162609	129410	63838	18836	530661	149483	161726	133187	80859	40117	565372																																											
Loiret	163102	176488	145600	82081	37298	604569	83192	88378	73330	37991	13663	296554	79910	88110	72270	44090	23635	308015																																											
Lot	33564	38770	38692	32109	14842	157977	17232	19709	19313	15155	5449	76858	16332	19061	19379	16954	9393	81119																																											
Lot-et-Garonne	70704	77468	75026	55296	25816	304310	36329	38620	37084	25700	9658	147391	34375	38848	37942	29596	16158	156919																																											
Lozère	16550	19449	17679	12719	6487	72884	8569	10163	9300	6207	2368	36607	7981	9286	8379	6512	4119	36277																																											
Maine-et-Loire	208713	210520	162170	95671	43495	720569	106588	105317	80413	43555	15002	350875	102125	105203	81757	52116	28493	369694																																											
Manche	128454	132164	109262	78958	31472	480310	66108	68170	54913	36096	10156	235443	62346	63994	54349	42862	21316	244867																																											
Marne	154946	176918	133813	69022	30209	564908	79022	88620	67152	31148	10057	275999	75924	88298	66661	37874	20152	288909																																											
Haute-Marne	52823	55271	47562	30218	13389	199263	27335	28298	24293	13903	4629	98458	25488	26973	23269	16315	8760	100805																																											
Mayenne	77643	78305	64085	42461	18949	281443	40109	40437	31870	19755	6394	138565	37534	37868	32215	22706	12555	142878																																											
Meurthe-et-Moselle	191725	220686	169705	97715	37442	717273	97999	110233	84587	43518	11876	348213	93726	110453	85118	54197	25566	369060																																											
Meuse	52352	54492	45228	30409	12406	194887	27023	28133	23033	13960	4110	96259	25329	26359	22195	16449	8296	98628																																											
Morbihan	164604	174251	147942	102650	40071	629518	84590	89813	73427	46178	12907	306915	80014	84438	74515	56472	27164	322603																																											
Moselle	276258	314240	246561	137401	44961	1019421	141973	158543	124821	62667	14635	502639	134285	155697	121740	74734	30326	516782																																											
Nièvre	51952	57812	55952	43182	20679	229577	26660	29396	28261	19772	7123	111212	25292	28416	27691	23410	13556	118365																																											
Nord	770087	774696	569696	320046	114423	2548948	393585	386097	283260	138606	34521	1236069	376502	388599	286436	181440	79902	1312879																																											
Oise	225892	228881	185002	82350	33548	755673	116003	114814	95418	38113	11351	375699	109889	114067	89584	44237	22197	379974																																											
Orne	77518	78949	69520	48277	20004	294268	39885	40371	34804	22392	6673	144125	37633	38578	34716	25885	13331	150143																																											
Pas-de-Calais	428462	415476	323235	197104	73121	1437398	219238	209571	160456	85240	22038	696543	209224	205905	162779	111864	51083	740855																																											
Puy-de-Dôme	143697	176729	152803	89697	37107	600033	73141	88546	76935	40250	12406	291278	70556	88183	75868	49447	24701	308755																																											
Pyrénées-Atlantiques	137735	162656	144042	96975	46818	588226	70896	81645	70443	44150	16071	283205	66839	81011	73599	52825	30747	305021																																											
Hautes-Pyrénées	48205	59488	56803	40273	19167	223936	24755	30209	28050	18451	6794	108259	23450	29279	28753	21822	12373	115677																																											
Pyrénées-Orientales	85692	97004	88900	72011	33689	377296	43824	47696	42634	33222	12753	180129	41868	49308	46266	38789	20936	197167																																											
Bas-Rhin	258800	325227	236782	124692	49431	994932	131577	162768	120710	54283	15153	484491	127223	162459	116072	70409	34278	510441																																											
Haut-Rhin	183862	213088	169803	91774	34016	692543	94214	107646	87032	40645	10215	339752	89648	105442	82771	51129	23801	352791																																											
Rhône	415372	488701	372397	192436	82576	1551482	210855	240302	183797	86051	26206	747211	204517	248399	188600	106385	56370	804271																																											
Haute-Saône	61236	62776	56073	34186	15105	229376	31589	32227	28839	15736	5217	113608	29647	30549	27234	18450	9888	115768																																											
Saône-et-Loire	135343	146147	136523	92945	42423	553381	69622	74400	68670	42768	14537	269997	65721	71747	67853	50177	27886	283384																																											
Sarthe	137809	149207	122151	77449	35846	522462	70558	75544	60982	35911	12626	255621	67251	73663	61169	41538	23220	266841																																											
Savoie	93764	108593	89083	49719	21181	362340	48131	55121	44950	22684	7300	178186	45633	53472	44133	27035	13881	184154																																											
Haute-Savoie	166210	189112	153223	70280	28362	607187	85515	95547	77627	31980	9738	300407	80695	93565	75596	38300	18624	306780																																											
Paris	410008	770861	527583	260235	151858	2120545	206102	373168	254820	108098	47947	990135	203906	397693	272763	152137	103911	1130410																																											
Seine-Maritime	348288	371724	291765	158784	68796	1239357	177721	184638	145246	70483	22241	600329	170567	187086	146519	88301	46555	639028																																											
Seine-et-Marne	354598	357633	291190	107974	48026	1159421	181936	176459	148512	49755	16201	572863	172662	181174	142678	58219	31825	586558																																											
Yvelines	394948	409154	355041	133582	52746	1345471	202242	202365	178274	61963	17203	662047	192706	206789	176767	71619	35543	683424																																											
Deux-Sèvres	86470	94014	82539	56114	26119	345256	44631	47955	41550	26637	9939	170712	41839	46059	40989	29477	16180	174544																																											
Somme	152138	165388	127128	75822	31677	552153	77403	82858	63679	34494	10769	269203	74735	82530	63449	41328	20908	282950																																											
Tarn	79181	87626	83403	62568	29095	341873	40890	44199	41123	29335	10677	166224	38291	43427	42280	33233	18418	175649																																											
Tarn-et-Garonne	48400	54421	49691	35349	16407	204268	24839	27577	24864	16571	6164	100015	23561	26844	24827	18778	10243	104253																																											
Var	206006	227574	212128	151548	67034	864290	105943	113111	103897	70276	24280	417507	100063	114463	108231	81272	42754	446783																																											
Vaucluse	127453	135729	120672	71250	31092	486196	65426	67078	60145	32761	10980	236390	62027	68651	60527	38489	20112	249806																																											
Vendée	138147	143005	121900	86364	35834	525250	71105	73313	61403	40384	12619	258824	67042	69692	60497	45980	23215	266426																																											
Vienne	96513	115782	91358	59273	28952	391878	49123	57557	45618	28009	10594	190901	47390	58225	45740	31264	18358	200977																																											
Haute-Vienne	76452	97864	88159	61141	30902	354518	39094	48525	43924	27788	10962	170293	37358	49339	44235	33353	19940	184225																																											
Vosges	102559	106434	92256	57236	25422	383907	52688	54349	46764	25473	8127	187401	49871	52085	45492	31763	17295	196506																																											
Yonne	84335	86778	78319	53892	26460	329784	43506	43974	40236	24973	9301	161990	40829	42804	38083	28919	17159	167794																																											
Territoire de Belfort	36836	41510	33199	17738	7309	136592	19032	21623	16875	7982	2310	67822	17804	19887	16324	9756	4999	68770																																											
Essonne	320870	359975	292928	110375	43499	1127647	164024	180902	146755	51358	14040	557079	156846	179073	146173	59017	29459	570568																																											
Hauts-de-Seine	339278	472209	344723	169020	77851	1403081	172339	230222	170376	73436	24660	671033	166939	241987	174347	95584	53191	732048																																											
Seine-Saint-Denis	403906	456110	336217	141005	52738	1389976	205950	223232	172831	63185	16973	682171	197956	232878	163386	77820	35765	707805																																											
Val-de-Marne	313434	402911	304418	140470	60685	1221918	159478	198923	151418	61556	19184	590559	153956	203988	153000	78914	41501	631359																																											
Val-d'Oise	335172	343377	271489	101343	39535	1090916	171473	168024	137315	46112	12496	535420	163699	175353	134174	55231	27039	555496																																											
	15084361	17108296	13960425	8063934	3535519	57752535	7714652	8544847	6970845	3651387	1196325	28078056	7369709	8563449	6989580	4412547	2339194	29674479																																											
Guadeloupe	128425	118916	75012	31759	13755	367867	65138	57556	35708	14507	5341	178250	63287	61360	39304	17252	8414	189617																																											
Martinique	119777	116486	77480	37688	16614	368045	60713	55690	36232	17137	6272	176044	59064	60796	41248	20551	10342	192001																																											
Guyane	59875	44434	23161	5559	1939	134968	30348	22576	12363	2820	814	68921	29527	21858	10798	2739	1125	66047																																											
La Réunion	258687	219015	122407	43192	13861	657162	131109	107403	60550	19584	4535	323181	127578	111612	61857	23608	9326	333981																																											
	566764	498851	298060	118198	46169	1528042	287308	243225	144853	54048	16962	746396	279456	255626	153207	64150	29207	781646																																											
	15651125	17607147	14258485	8182132	3581688	59280577	8001960	8788072	7115698	3705435	1213287	28824452	7649165	8819075	7142787	4476697	2368401	30456125																																											
																																																													
																																																													
																																																													
