	Ensemble						Hommes						Femmes																																																																					
	0 à 19 ans	20 à 39 ans	40 à 59 ans	60 à 74 ans	75 ans et plus	Total	0 à 19 ans	20 à 39 ans	40 à 59 ans	60 à 74 ans	75 ans et plus	Total	0 à 19 ans	20 à 39 ans	40 à 59 ans	60 à 74 ans	75 ans et plus	Total																																																																
Ain	140999	143846	128419	61294	29643	504201	72264	72724	65726	29031	10616	250361	68735	71122	62693	32263	19027	253840																																																																
Aisne	150713	148508	130143	75769	32618	537751	77043	75079	65941	34225	11244	263532	73670	73429	64202	41544	21374	274219																																																																
Allier	75330	87333	88689	63312	33536	348200	38609	44221	44085	28612	11866	167393	36721	43112	44604	34700	21670	180807																																																																
Alpes-de-Haute-Provence	32988	35310	35410	23081	11584	138373	17047	17595	17856	10989	4416	67903	15941	17715	17554	12092	7168	70470																																																																
Hautes-Alpes	29697	32160	30178	18046	9352	119433	15317	16159	15171	8615	3526	58788	14380	16001	15007	9431	5826	60645																																																																
Alpes-Maritimes	220480	260726	250775	167079	103300	1002360	112980	126231	120030	74145	36598	469984	107500	134495	130745	92934	66702	532376																																																																
Ardèche	68299	73281	72113	46218	23900	283811	35102	37428	36381	21871	8375	139157	33197	35853	35732	24347	15525	144654																																																																
Ardennes	81186	81179	70752	41733	17325	292175	41817	41199	35949	18999	5913	143877	39369	39980	34803	22734	11412	148298																																																																
Ariège	29498	33412	33961	25481	14192	136544	15266	16918	17315	12021	5497	67017	14232	16494	16646	13460	8695	69527																																																																
Aube	76304	81160	73167	41093	20988	292712	39117	41119	36785	18652	7436	143109	37187	40041	36382	22441	13552	149603																																																																
Aude	68909	76644	74866	55289	29896	305604	35516	38886	37023	25813	11428	148666	33393	37758	37843	29476	18468	156938																																																																
Aveyron	56889	64998	65570	50340	27230	265027	29448	33656	33152	23812	10259	130327	27441	31342	32418	26528	16971	134700																																																																
Bouches-du-Rhône	459882	521386	462583	248187	123233	1815271	235451	255138	226888	112950	44014	874441	224431	266248	235695	135237	79219	940830																																																																
Calvados	176008	186510	155331	85085	38934	641868	89269	92833	76851	38011	12799	309763	86739	93677	78480	47074	26135	332105																																																																
Cantal	32704	39089	38797	27853	14297	152740	16847	20206	19916	13059	5183	75211	15857	18883	18881	14794	9114	77529																																																																
Charente	79757	88953	86008	56123	29590	340431	40949	44904	42804	26222	10761	165640	38808	44049	43204	29901	18829	174791																																																																
Charente-Maritime	126797	137641	137305	96712	48586	547041	65193	69109	67357	45104	18164	264927	61604	68532	69948	51608	30422	282114																																																																
Cher	74129	82901	80432	51771	26888	316121	38060	41929	40866	24158	9504	154517	36069	40972	39566	27613	17384	161604																																																																
Corrèze	47797	57800	59095	44479	24596	233767	24683	29758	29620	20309	8952	113322	23114	28042	29475	24170	15644	120445																																																																
Corse-du-Sud	28237	31448	30881	18941	9205	118712	14630	15238	15705	8856	3265	57694	13607	16210	15176	10085	5940	61018																																																																
Haute-Corse	31917	39024	36185	22212	11047	140385	16373	19493	18871	10394	3974	69105	15544	19531	17314	11818	7073	71280																																																																
Côte-d'Or	131520	150462	124210	65650	33874	505716	66422	74268	62146	29965	11938	244739	65098	76194	62064	35685	21936	260977																																																																
Côtes-d'Armor	130409	133182	133556	96754	45423	539324	66915	68422	66873	43473	15060	260743	63494	64760	66683	53281	30363	278581																																																																
Creuse	23932	29192	30434	26854	15444	125856	12352	15169	15720	12568	5589	61398	11580	14023	14714	14286	9855	64458																																																																
Dordogne	81934	93108	97872	74988	39491	387393	42131	46855	48533	35080	14767	187366	39803	46253	49339	39908	24724	200027																																																																
Doubs	136245	147949	123117	62758	27650	497719	69648	74251	61727	28871	9574	244071	66597	73698	61390	33887	18076	253648																																																																
Drôme	114621	115589	109524	62010	30507	432251	58953	57806	54517	28762	11079	211117	55668	57783	55007	33248	19428	221134																																																																
Eure	153493	152207	134401	66565	30520	537186	78790	76462	68288	30849	10548	264937	74703	75745	66113	35716	19972	272249																																																																
Eure-et-Loir	113940	112024	101676	53132	27021	407793	58296	56231	51805	24837	10074	201243	55644	55793	49871	28295	16947	206550																																																																
Finistère	211256	231855	204208	135032	64724	847075	108522	120068	102157	59043	20938	410728	102734	111787	102051	75989	43786	436347																																																																
Gard	153905	162349	156107	94118	46502	612981	78612	80751	77310	43673	17214	297560	75293	81598	78797	50445	29288	315421																																																																
Haute-Garonne	246391	331941	248934	125718	63862	1016846	125448	165067	122292	57442	23384	493633	120943	166874	126642	68276	40478	523213																																																																
Gers	35555	41428	44217	33371	17830	172401	18410	21053	22195	16236	7005	84899	17145	20375	22022	17135	10825	87502																																																																
Gironde	312307	377795	318432	172058	89567	1270159	159107	185606	156123	77664	30956	609456	153200	192189	162309	94394	58611	660703																																																																
Hérault	213409	252090	211531	129490	65750	872270	108724	122236	102418	59380	24512	417270	104685	129854	109113	70110	41238	455000																																																																
Ille-et-Vilaine	229169	259650	199053	110446	50408	848726	116770	130165	98921	49799	16780	412435	112399	129485	100132	60647	33628	436291																																																																
Indre	50237	58885	58131	42370	23206	232829	25731	30054	29514	19754	8538	113591	24506	28831	28617	22616	14668	119238																																																																
Indre-et-Loire	138994	157817	134974	76377	41100	549262	70175	77802	66640	35426	14862	264905	68819	80015	68334	40951	26238	284357																																																																
Isère	294505	324512	268854	130644	58372	1076887	151005	164073	134549	60437	20331	530395	143500	160439	134305	70207	38041	546492																																																																
Jura	64122	67243	61887	38077	19330	250659	32941	34137	31355	17635	7115	123183	31181	33106	30532	20442	12215	127476																																																																
Landes	72592	83198	82086	57261	28013	323150	37588	42536	40609	26762	10044	157539	35004	40662	41477	30499	17969	165611																																																																
Loir-et-Cher	75622	81978	76940	51531	27589	313660	38724	41502	38636	24253	10328	153443	36898	40476	38304	27278	17261	160217																																																																
Loire	189688	197860	184168	109854	53717	735287	96934	99508	91489	48963	18067	354961	92754	98352	92679	60891	35650	380326																																																																
Haute-Loire	49851	54137	51533	34876	17158	207555	25722	27915	26621	15988	5912	102158	24129	26222	24912	18888	11246	105397																																																																
Loire-Atlantique	305503	324183	274087	144655	65660	1114088	155955	162465	135224	64144	21605	539393	149548	161718	138863	80511	44055	574695																																																																
Loiret	163500	174777	151465	81737	40890	612369	83344	87627	75980	37950	15181	300082	80156	87150	75485	43787	25709	312287																																																																
Lot	33590	37766	40035	31435	16248	159074	17268	19168	19970	14871	6127	77404	16322	18598	20065	16564	10121	81670																																																																
Lot-et-Garonne	70166	74872	76951	54293	28309	304591	36068	37213	38033	25314	10704	147332	34098	37659	38918	28979	17605	157259																																																																
Lozère	16369	19130	18278	12422	7020	73219	8475	9977	9676	6050	2619	36797	7894	9153	8602	6372	4401	36422																																																																
Maine-et-Loire	206685	208271	169281	95317	47589	727143	105460	104254	84039	43560	16705	354018	101225	104017	85242	51757	30884	373125																																																																
Manche	126681	128225	112723	78026	35203	480858	65310	65805	56981	35733	11891	235720	61371	62420	55742	42293	23312	245138																																																																
Marne	153005	173296	138180	68472	32845	565798	77986	86779	69161	30962	11196	276084	75019	86517	69019	37510	21649	289714																																																																
Haute-Marne	51450	52848	48781	29817	14346	197242	26638	27030	24899	13709	5104	97380	24812	25818	23882	16108	9242	99862																																																																
Mayenne	76632	77346	66159	42330	20659	283126	39694	39962	32978	19816	7158	139608	36938	37384	33181	22514	13501	143518																																																																
Meurthe-et-Moselle	189767	214746	174175	96890	40870	716448	97064	107250	86697	43264	13322	347597	92703	107496	87478	53626	27548	368851																																																																
Meuse	51269	52915	46950	29749	13455	194338	26462	27393	23867	13631	4625	95978	24807	25522	23083	16118	8830	98360																																																																
Morbihan	163038	170654	153728	102890	44919	635229	83789	87802	76589	46313	14939	309432	79249	82852	77139	56577	29980	325797																																																																
Moselle	273318	305102	255244	138596	50249	1022509	140224	154294	128608	63672	16702	503500	133094	150808	126636	74924	33547	519009																																																																
Nièvre	50732	55335	57404	42068	22084	227623	26044	28163	28852	19393	7722	110174	24688	27172	28552	22675	14362	117449																																																																
Nord	762011	762486	589477	310747	128787	2553508	389359	379899	292411	134952	40365	1236986	372652	382587	297066	175795	88422	1316522																																																																
Oise	225482	225763	193449	82784	36513	763991	115867	113330	99208	38441	12675	379521	109615	112433	94241	44343	23838	384470																																																																
Orne	75984	76459	71303	47506	22162	293414	39196	39118	35807	22062	7661	143844	36788	37341	35496	25444	14501	149570																																																																
Pas-de-Calais	423461	407231	335988	193467	80880	1441027	217014	205378	166936	83434	25371	698133	206447	201853	169052	110033	55509	742894																																																																
Puy-de-Dôme	141922	172915	157709	88197	40993	601736	72151	86785	79106	39663	14103	291808	69771	86130	78603	48534	26890	309928																																																																
Pyrénées-Atlantiques	137442	159287	148171	96389	50240	591529	70771	79858	72463	44024	17500	284616	66671	79429	75708	52365	32740	306913																																																																
Hautes-Pyrénées	47842	57082	57955	39591	20639	223109	24648	28896	28631	18129	7390	107694	23194	28186	29324	21462	13249	115415																																																																
Pyrénées-Orientales	87678	96785	92348	71183	37119	385113	44866	47523	44255	32854	14203	183701	42812	49262	48093	38329	22916	201412																																																																
Bas-Rhin	262189	320930	247941	124907	53882	1009849	133522	160567	125987	55484	16774	492334	128667	160363	121954	69423	37108	517515																																																																
Haut-Rhin	185105	209115	177089	92492	37129	700930	94861	105489	90424	41648	11505	343927	90244	103626	86665	50844	25624	357003																																																																
Rhône	417358	483659	379544	190680	90068	1561309	211773	237776	186403	85523	29568	751043	205585	245883	193141	105157	60500	810266																																																																
Haute-Saône	60182	61194	57732	33675	16403	229186	31070	31511	29537	15584	5809	113511	29112	29683	28195	18091	10594	115675																																																																
Saône-et-Loire	131956	140976	139728	90816	45889	549365	67973	71870	70221	41778	16125	267967	63983	69106	69507	49038	29764	281398																																																																
Sarthe	136889	146873	126917	76869	38903	526451	69990	74459	63485	35582	14042	257558	66899	72414	63432	41287	24861	268893																																																																
Savoie	94284	106874	92887	49623	23241	366909	48487	54123	46874	22777	8098	180359	45797	52751	46013	26846	15143	186550																																																																
Haute-Savoie	168840	187727	160582	71128	31686	619963	87017	94689	81034	32622	11052	306414	81823	93038	79548	38506	20634	313549																																																																
Paris	407830	765871	532263	249644	155261	2110869	205025	371086	255736	105578	49923	987348	202805	394785	276527	144066	105338	1123521																																																																
Seine-Maritime	344713	361556	301220	157064	74593	1239146	175894	179456	149816	69704	24870	599740	168819	182100	151404	87360	49723	639406																																																																
Seine-et-Marne	356497	354429	304511	109231	51621	1176289	182748	175038	154324	50700	17634	580444	173749	179391	150187	58531	33987	595845																																																																
Yvelines	393831	402438	362235	136630	58046	1353180	201850	199061	180685	63872	19522	664990	191981	203377	181550	72758	38524	688190																																																																
Deux-Sèvres	84787	91371	84767	55446	28389	344760	43798	46594	42654	26370	10899	170315	40989	44777	42113	29076	17490	174445																																																																
Somme	150099	162750	131825	74593	34403	553670	76417	81449	66058	33853	12037	269814	73682	81301	65767	40740	22366	283856																																																																
Tarn	78492	85028	85622	61202	31772	342116	40546	42840	42255	28653	11892	166186	37946	42188	43367	32549	19880	175930																																																																
Tarn-et-Garonne	48548	53019	51246	34323	18072	205208	24943	26778	25649	16116	6905	100391	23605	26241	25597	18207	11167	104817																																																																
Var	209984	225234	221598	150803	74968	882587	107734	111723	108245	70084	27839	425625	102250	113511	113353	80719	47129	456962																																																																
Vaucluse	129434	133530	124624	71036	34356	492980	66408	65833	61844	32819	12436	239340	63026	67697	62780	38217	21920	253640																																																																
Vendée	136207	141123	127508	87049	39610	531497	69907	72457	64255	40714	14348	261681	66300	68666	63253	46335	25262	269816																																																																
Vienne	96430	114566	95092	58376	31382	395846	48905	56898	47417	27530	11728	192478	47525	57668	47675	30846	19654	203368																																																																
Haute-Vienne	75691	95946	90283	59561	32943	354424	38677	47581	44834	27135	11948	170175	37014	48365	45449	32426	20995	184249																																																																
Vosges	100866	103218	94977	56625	27263	382949	51907	52669	48056	25299	8956	186887	48959	50549	46921	31326	18307	196062																																																																
Yonne	83939	85030	81546	52931	28251	331697	43350	42933	41866	24506	10110	162765	40589	42097	39680	28425	18141	168932																																																																
Territoire de Belfort	36719	40657	34160	17800	7819	137155	19063	21160	17291	8057	2571	68142	17656	19497	16869	9743	5248	69013																																																																
Essonne	320822	352878	297179	113526	47109	1131514	163932	177186	148306	53186	15534	558144	156890	175692	148873	60340	31575	573370																																																																
Hauts-de-Seine	344140	469905	349638	164964	83645	1412292	174960	228891	171427	72328	27204	674810	169180	241014	178211	92636	56441	737482																																																																
Seine-Saint-Denis	403934	443667	344015	140484	56704	1388804	205850	216622	175839	63655	18804	680770	198084	227045	168176	76829	37900	708034																																																																
Val-de-Marne	314201	394876	309197	138739	65416	1222429	159918	194301	153184	61259	21370	590032	154283	200575	156013	77480	44046	632397																																																																
Val-d'Oise	336031	337011	281395	102666	42947	1100050	171860	164993	141298	47039	14061	539251	164171	172018	140097	55627	28886	560799																																																																
	15055742	16818685	14413667	7971476	3856448	58116018	7700939	8393762	7180105	3624104	1336837	28235747	7354803	8424923	7233562	4347372	2519611	29880271																																																																
Guadeloupe	127220	120237	80321	33346	15040	376164	64560	57884	38083	15218	5884	181629	62660	62353	42238	18128	9156	194535																																																																
Martinique	118107	116620	81756	39502	17888	373873	59768	55453	38125	17943	6798	178087	58339	61167	43631	21559	11090	195786																																																																
Guyane	64380	46615	25837	5962	2143	144937	32640	23269	13646	3038	892	73485	31740	23346	12191	2924	1251	71452																																																																
La Réunion	261298	225403	131611	46241	15632	680185	132564	110406	65182	21023	5295	334470	128734	114997	66429	25218	10337	345715																																																																
	571005	508875	319525	125051	50703	1575159	289532	247012	155036	57222	18869	767671	281473	261863	164489	67829	31834	807488																																																																
	15626747	17327560	14733192	8096527	3907151	59691177	7990471	8640774	7335141	3681326	1355706	29003418	7636276	8686786	7398051	4415201	2551445	30687759																																																																
																																																																																		
																																																																																		
																																																																																		
