	Ensemble						Hommes						Femmes														
	0 à 19 ans	20 à 39 ans	40 à 59 ans	60 à 74 ans	75 ans et plus	Total	0 à 19 ans	20 à 39 ans	40 à 59 ans	60 à 74 ans	75 ans et plus	Total	0 à 19 ans	20 à 39 ans	40 à 59 ans	60 à 74 ans	75 ans et plus	Total									
Ain	140123	145053	117006	58328	27734	488244	71710	73664	60503	27458	9641	242976	68413	71389	56503	30870	18093	245268									
Aisne	156620	156030	121042	73916	30611	538219	80080	79006	61356	33657	10257	264356	76540	77024	59686	40259	20354	273863									
Allier	80261	92616	85791	62860	32296	353824	41049	46924	42616	28712	11232	170533	39212	45692	43175	34148	21064	183291									
Alpes-de-Haute-Provence	32143	36434	32882	22028	10553	134040	16459	18449	16495	10522	4004	65929	15684	17985	16387	11506	6549	68111									
Hautes-Alpes	29298	32974	27426	17285	8393	115376	15154	16716	13878	8239	3085	57072	14144	16258	13548	9046	5308	58304									
Alpes-Maritimes	218195	266422	240918	169345	98815	993695	111747	129709	115949	74550	34822	466777	106448	136713	124969	94795	63993	526918									
Ardèche	69883	75441	67329	45177	22433	280263	36007	38437	34127	21198	7649	137418	33876	37004	33202	23979	14784	142845									
Ardennes	85660	85180	67164	39929	16671	294604	43855	43276	34262	18160	5535	145088	41805	41904	32902	21769	11136	149516									
Ariège	30040	35128	31941	25695	13828	136632	15488	17905	16177	12231	5350	67151	14552	17223	15764	13464	8478	69481									
Aube	78543	84048	68751	39827	20190	291359	40332	42493	34806	18064	7046	142741	38211	41555	33945	21763	13144	148618									
Aude	68700	79772	70120	55237	27864	301693	35580	41010	34610	25902	10546	147648	33120	38762	35510	29335	17318	154045									
Aveyron	60127	68237	63946	48719	26699	267728	31021	35312	32207	23046	9931	131517	29106	32925	31739	25673	16768	136211									
Bouches-du-Rhône	462111	530039	440335	243333	112207	1788025	236747	260166	217724	110500	38976	864113	225364	269873	222611	132833	73231	923912									
Calvados	180100	191086	141498	81250	34753	628687	91495	95074	69707	36258	11003	303537	88605	96012	71791	44992	23750	325150									
Cantal	36329	42001	37052	27379	13688	156449	18647	21721	18960	12830	4908	77066	17682	20280	18092	14549	8780	79383									
Charente	84231	94280	81347	54486	28037	342381	43221	47529	40584	25393	10047	166774	41010	46751	40763	29093	17990	175607									
Charente-Maritime	129814	141890	126906	93101	44182	535893	66706	71115	62472	43474	16267	260034	63108	70775	64434	49627	27915	275859									
Cher	78254	88298	77286	50310	26109	320257	40041	45023	39199	23347	9109	156719	38213	43275	38087	26963	17000	163538									
Corrèze	50808	61151	56560	44484	23305	236308	26170	31329	28320	20420	8341	114580	24638	29822	28240	24064	14964	121728									
Corse-du-Sud	29036	33640	29508	18899	8511	119594	15009	16642	15199	8796	2958	58604	14027	16998	14309	10103	5553	60990									
Haute-Corse	31112	38790	33109	20888	10102	134001	15863	19755	17533	9665	3650	66466	15249	19035	15576	11223	6452	67535									
Côte-d'Or	134783	154200	115671	63273	31592	499519	68206	76433	58082	28794	11041	242556	66577	77767	57589	34479	20551	256963									
Côtes-d'Armor	136170	138477	126695	94910	41183	537435	69814	71378	63130	42540	13284	260146	66356	67099	63565	52370	27899	277289									
Creuse	25439	31061	29959	26954	15563	128976	13101	16236	15364	12759	5491	62951	12338	14825	14595	14195	10072	66025									
Dordogne	85219	98226	92390	74479	36913	387227	43832	49628	45788	34826	13551	187625	41387	48598	46602	39653	23362	199602									
Doubs	140199	150963	115994	58583	25370	491109	71642	75928	58623	26748	8686	241627	68557	75035	57371	31835	16684	249482									
Drôme	114615	118612	101754	59442	28152	422575	58952	59584	50750	27472	9991	206749	55663	59028	51004	31970	18161	215826									
Eure	156425	156929	121746	62990	27733	525823	80296	79024	62165	29260	9346	260091	76129	77905	59581	33730	18387	265732									
Eure-et-Loir	117833	115904	93240	51344	25207	403528	60296	58066	47808	23975	9326	199471	57537	57838	45432	27369	15881	204057									
Finistère	217140	238354	191864	132332	59982	839672	111539	123350	95344	57675	19251	407159	105601	115004	96520	74657	40731	432513									
Gard	152266	167792	144243	92311	42043	598655	77946	84125	71678	42735	14984	291468	74320	83667	72565	49576	27059	307187									
Haute-Garonne	238450	324808	228501	120363	58624	970746	121481	161845	112310	54689	21065	471390	116969	162963	116191	65674	37559	499356									
Gers	36808	44547	42481	32622	17277	173735	19039	22714	21372	15968	6712	85805	17769	21833	21109	16654	10565	87930									
Gironde	316209	381626	293804	169327	82126	1243092	161260	187974	144628	76133	27291	597286	154949	193652	149176	93194	54835	645806									
Hérault	206256	246241	192500	125419	58781	829197	105033	119855	93681	57479	21412	397460	101223	126386	98819	67940	37369	431737									
Ille-et-Vilaine	230789	254978	183374	105216	45098	819455	117672	127946	90703	47194	14538	398053	113117	127032	92671	58022	30560	421402									
Indre	53239	62194	56017	41491	22890	235831	27281	31850	28316	19376	8382	115205	25958	30344	27701	22115	14508	120626									
Indre-et-Loire	141573	160144	124970	73091	38369	538147	71457	79179	61897	33728	13657	259918	70116	80965	63073	39363	24712	278229									
Isère	294941	324789	248536	122691	53720	1044677	151188	164111	125302	56394	17826	514821	143753	160678	123234	66297	35894	529856									
Jura	66527	69507	58358	37749	18074	250215	34175	35406	29566	17438	6502	123087	32352	34101	28792	20311	11572	127128									
Landes	73911	85495	76852	54661	26207	317126	38148	43903	38082	25683	9015	154831	35763	41592	38770	28978	17192	162295									
Loir-et-Cher	77834	84327	72197	49277	26163	309798	39861	42778	36395	23204	9511	151749	37973	41549	35802	26073	16652	158049									
Loire	200529	206730	178589	107210	51009	744067	102715	103559	88891	47994	16673	359832	97814	103171	89698	59216	34336	384235									
Haute-Loire	51273	55904	48617	33941	16644	206379	26454	28962	24942	15596	5620	101574	24819	26942	23675	18345	11024	104805									
Loire-Atlantique	310261	321333	251569	136811	59627	1079601	158269	161287	123880	60296	19016	522748	151992	160046	127689	76515	40611	556853									
Loiret	164756	176299	139485	77665	37721	595926	83886	88414	70375	36025	13711	292411	80870	87885	69110	41640	24010	303515									
Lot	34287	39290	37657	30666	15311	157211	17610	20013	18741	14539	5588	76491	16677	19277	18916	16127	9723	80720									
Lot-et-Garonne	72651	79006	73478	53076	26368	304579	37271	39455	36377	24811	9838	147752	35380	39551	37101	28265	16530	156827									
Lozère	17040	19608	17146	12202	6767	72763	8765	10279	9030	5982	2437	36493	8275	9329	8116	6220	4330	36270									
Maine-et-Loire	214317	209558	155556	90278	44108	713817	109567	104756	76887	41133	15321	347664	104750	104802	78669	49145	28787	366153									
Manche	132146	134329	106603	75415	31384	479877	67860	69673	53199	34499	9991	235222	64286	64656	53404	40916	21393	244655									
Marne	159030	177495	129125	65482	30921	562053	81178	88824	65060	29445	10346	274853	77852	88671	64065	36037	20575	287200									
Haute-Marne	55138	56814	46289	28878	13763	200882	28489	29101	23690	13259	4776	99315	26649	27713	22599	15619	8987	101567									
Mayenne	79703	78492	62212	40201	19117	279725	41049	40470	30879	18703	6418	137519	38654	38022	31333	21498	12699	142206									
Meurthe-et-Moselle	196165	223168	164820	92546	38793	715492	100293	111721	82191	41232	12398	347835	95872	111447	82629	51314	26395	367657									
Meuse	54300	55561	43842	28907	13099	195709	28029	28711	22306	13270	4344	96660	26271	26850	21536	15637	8755	99049									
Morbihan	169549	175885	143543	96971	40212	626160	87231	90719	71155	43539	12924	305568	82318	85166	72388	53432	27288	320592									
Moselle	282743	319447	238669	129494	45501	1015854	145557	161161	121206	58807	14786	501517	137186	158286	117463	70687	30715	514337									
Nièvre	53644	59373	54501	41426	21812	230756	27477	30276	27534	18926	7661	111874	26167	29097	26967	22500	14151	118882									
Nord	787813	776232	551600	306007	119777	2541429	402994	387063	274098	133445	36205	1233805	384819	389169	277502	172562	83572	1307624									
Oise	228925	229495	176121	77931	33985	746457	117425	115319	91252	36001	11513	371510	111500	114176	84869	41930	22472	374947									
Orne	79902	80268	67779	45829	20308	294086	41061	40999	33941	21233	6718	143952	38841	39269	33838	24596	13590	150134									
Pas-de-Calais	440457	418702	312710	190761	73723	1436353	225363	211130	154889	82860	22247	696489	215094	207572	157821	107901	51476	739864									
Puy-de-Dôme	148716	178186	148717	85491	38215	599325	75814	89320	74885	38573	12754	291346	72902	88866	73832	46918	25461	307979									
Pyrénées-Atlantiques	140278	164386	140447	92609	47746	585466	71932	82621	68702	42118	16385	281758	68346	81765	71745	50491	31361	303708									
Hautes-Pyrénées	49580	61108	55780	38711	19497	224676	25396	31213	27463	17822	6887	108781	24184	29895	28317	20889	12610	115895									
Pyrénées-Orientales	85952	96755	86762	69837	33410	372716	43969	47847	41506	32209	12678	178209	41983	48908	45256	37628	20732	194507									
Bas-Rhin	259444	324147	226849	117297	50873	978610	131893	162473	115807	50476	15676	476325	127551	161674	111042	66821	35197	502285									
Haut-Rhin	185359	214404	163365	86043	35186	684357	95009	108408	83917	37838	10561	335733	90350	105996	79448	48205	24625	348624									
Rhône	419396	487790	365954	183667	84169	1540976	213090	240050	181292	82047	26696	743175	206306	247740	184662	101620	57473	797801									
Haute-Saône	63175	63012	53971	32633	15786	228577	32726	32304	27807	14990	5510	113337	30449	30708	26164	17643	10276	115240									
Saône-et-Loire	140691	149479	133726	89006	43689	556591	72456	76173	67099	41020	15050	271798	68235	73306	66627	47986	28639	284793									
Sarthe	141197	149699	118062	73439	36270	518667	72253	75787	58929	34025	12730	253724	68944	73912	59133	39414	23540	264943									
Savoie	94837	109157	85823	47190	21477	358484	48684	55586	43321	21525	7369	176485	46153	53571	42502	25665	14108	181999									
Haute-Savoie	165947	188907	146179	66321	28275	595629	85242	95687	74208	30271	9704	295112	80705	93220	71971	36050	18571	300517									
Paris	416586	772261	524122	260412	159094	2132475	209681	373579	254033	106917	50213	994423	206905	398682	270089	153495	108881	1138052									
Seine-Maritime	355669	375525	282143	151857	69127	1234321	181535	186810	140578	67418	22271	598612	174134	188715	141565	84439	46856	635709									
Seine-et-Marne	353500	353618	274604	101404	48053	1131179	181463	174510	140932	46682	16139	559726	172037	179108	133672	54722	31914	571453									
Yvelines	399196	411266	345971	124522	52859	1333814	204452	203252	174886	57585	17103	657278	194744	208014	171085	66937	35756	676536									
Deux-Sèvres	89725	95433	80127	53311	26938	345534	46256	48724	40322	25245	10418	170965	43469	46709	39805	28066	16520	174569									
Somme	156842	165452	122712	72765	32476	550247	79944	82884	61398	33221	11100	268547	76898	82568	61314	39544	21376	281700									
Tarn	81169	89574	81852	59580	30227	342402	41936	45284	40350	27930	11123	166623	39233	44290	41502	31650	19104	175779									
Tarn-et-Garonne	49132	55386	47933	33923	16871	203245	25260	28082	24021	15926	6377	99666	23872	27304	23912	17997	10494	103579									
Var	204999	227288	204395	144423	65791	846896	105601	113309	100447	66820	23764	409941	99398	113979	103948	77603	42027	436955									
Vaucluse	127061	136163	116583	67867	31169	478843	65253	67513	58253	31157	11000	233176	61808	68650	58330	36710	20169	245667									
Vendée	142052	143217	116799	80829	36077	518974	73188	73478	58683	37758	12740	255847	68864	69739	58116	43071	23337	263127									
Vienne	98261	114600	87310	56141	29787	386099	50303	56944	43795	26472	10989	188503	47958	57656	43515	29669	18798	197596									
Haute-Vienne	78828	98499	86343	58700	32048	354418	40332	48991	42967	26794	11402	170486	38496	49508	43376	31906	20646	183932									
Vosges	105751	108177	89719	54430	26382	384459	54365	55280	45387	24184	8489	187705	51386	52897	44332	30246	17893	196754									
Yonne	85969	87654	75011	51837	27268	327739	44289	44656	38558	24014	9732	161249	41680	42998	36453	27823	17536	166490									
Territoire de Belfort	37444	41515	32302	16728	7521	135510	19350	21563	16516	7525	2397	67351	18094	19952	15786	9203	5124	68159									
Essonne	323002	360123	286324	101910	44041	1115400	165281	181366	143955	47205	14167	551974	157721	178757	142369	54705	29874	563426									
Hauts-de-Seine	339605	470351	341911	164417	79177	1395461	172355	229539	170025	71204	24723	667846	167250	240812	171886	93213	54454	727615									
Seine-Saint-Denis	406599	462882	329321	134696	53929	1387427	207418	227236	170087	60181	17108	682030	199181	235646	159234	74515	36821	705397									
Val-de-Marne	316341	406696	301243	134942	61936	1221158	160999	201381	150322	58985	19348	591035	155342	205315	150921	75957	42588	630123									
Val-d'Oise	335527	345204	260856	95349	39564	1076500	171541	169347	132533	43184	12443	529048	163986	175857	128323	52165	27121	547452									
	15330473	17188587	13542190	7704985	3602926	57369161	7842409	8595657	6771175	3487408	1218796	27915445	7488064	8592930	6771015	4217577	2384130	29453716									
Guadeloupe	129802	117896	70104	30285	12594	360681	65801	57364	33507	13846	4851	175369	64001	60532	36597	16439	7743	185312									
Martinique	121649	116805	73472	35976	15442	363344	61760	56160	34453	16377	5791	174541	59889	60645	39019	19599	9651	188803									
Guyane	55696	42375	20773	5186	1756	125786	28223	21917	11210	2617	744	64711	27473	20458	9563	2569	1012	61075									
La Réunion	255371	212373	112502	40009	12775	633030	129205	104245	55735	18062	4135	311382	126166	108128	56767	21947	8640	321648									
	562518	489449	276851	111456	42567	1482841	284989	239686	134905	50902	15521	726003	277529	249763	141946	60554	27046	756838									
	15892991	17678036	13819041	7816441	3645493	58852002	8127398	8835343	6906080	3538310	1234317	28641448	7765593	8842693	6912961	4278131	2411176	30210554									
																											
																											
																											
																											
																											
																											
																											
																											
																											
																											
																											
																											
																											
																											
																											
																											
																											
																											
																											
																											
																											
																											
																											
																											
																											
																											
																											
																											
																											
																											
																											
																											
																											
																											
																											
																											
																											
																											
																											
																											
																											
																											
																											
																											
																											
																											
																											
																											
																											
																											
																											
																											
																											
																											
																											
																											
																											
																											
																											
																											
																											
																											
																											
																											
																											
																											
																											
																											
																											
																											
																											
																											
																											
																											
																											
																											
																											
																											
																											
																											
																											
																											
																											
																											
																											
																											
																											
																											
																											
																											
																											
																											
																											
																											
																											
																											
																											
																											
																											
																											
																											
																											
																											
																											
																											
																											
																											
																											
																											
																											
																											
																											
																											
																											
																											
																											
																											
																											
