	Ensemble						Hommes						Femmes												
	0 à 19 ans	20 à 39 ans	40 à 59 ans	60 à 74 ans	75 ans et plus	Total	0 à 19 ans	20 à 39 ans	40 à 59 ans	60 à 74 ans	75 ans et plus	Total	0 à 19 ans	20 à 39 ans	40 à 59 ans	60 à 74 ans	75 ans et plus	Total							
Ain	153719	147284	163003	68837	41534	574377	78672	74187	81771	33496	15625	283751	75047	73097	81232	35341	25909	290626							
Aisne	141079	131304	152341	67757	45339	537820	72302	65638	76034	31402	16208	261584	68777	65666	76307	36355	29131	276236							
Allier	71446	74685	97923	56218	42842	343114	36753	37614	48399	25918	15787	164471	34693	37071	49524	30300	27055	178643							
Alpes-de-Haute-Provence	35905	32707	45416	25895	16144	156067	18655	15991	22354	12322	6247	75569	17250	16716	23062	13573	9897	80498							
Hautes-Alpes	31075	29774	38809	19827	12997	132482	15812	15086	19372	9480	5091	64841	15263	14688	19437	10347	7906	67641							
Alpes-Maritimes	239703	256608	292526	169954	123674	1082465	123223	125427	139032	77341	45119	510142	116480	131181	153494	92613	78555	572323							
Ardèche	72224	68567	88303	47712	32650	309456	37166	34378	44191	22935	12137	150807	35058	34189	44112	24777	20513	158649							
Ardennes	72858	69172	81450	37288	23981	284749	37698	34873	40866	17487	8645	139569	35160	34299	40584	19801	15336	145180							
Ariège	32029	31680	43092	23647	18120	148568	16413	15934	21642	11258	7185	72432	15616	15746	21450	12389	10935	76136							
Aube	73707	74864	84398	40502	27369	300840	37515	37807	41852	19033	9894	146101	36192	37057	42546	21469	17475	154739							
Aude	77876	76345	96123	55928	39507	345779	40068	37996	47096	26616	15420	167196	37808	38349	49027	29312	24087	178583							
Aveyron	57331	58899	77179	45668	35348	274425	29592	30004	39166	21768	13780	134310	27739	28895	38013	23900	21568	140115							
Bouches-du-Rhône	482779	512459	532223	264067	167398	1958926	246836	249219	253864	122816	60880	933615	235943	263240	278359	141251	106518	1025311							
Calvados	170591	174239	185816	86608	56413	673667	86929	86477	91046	39345	19951	323748	83662	87762	94770	47263	36462	349919							
Cantal	29307	31926	44099	24922	18803	149057	15084	16252	22421	11763	7105	72625	14223	15674	21678	13159	11698	76432							
Charente	76452	78949	101896	53555	38683	349535	39341	39541	50368	25372	14703	169325	37111	39408	51528	28183	23980	180210							
Charente-Maritime	132985	133640	170408	99787	68590	605410	68480	67007	82386	47040	26416	291329	64505	66633	88022	52747	42174	314081							
Cher	70167	71131	90397	49568	33336	314599	35664	36072	44771	23613	12420	152540	34503	35059	45626	25955	20916	162059							
Corrèze	47972	53659	69022	39795	31590	242038	24766	27939	34609	18505	11712	117531	23206	25720	34413	21290	19878	124507							
Corse-du-Sud	29598	32857	40518	22564	13825	139362	15416	15978	19950	10695	5376	67415	14182	16879	20568	11869	8449	71947							
Haute-Corse	33711	40289	45351	25106	15390	159847	17443	20458	22430	12131	5758	78220	16268	19831	22921	12975	9632	81627							
Côte-d'Or	124994	139443	143617	66344	44745	519143	63494	68787	70708	31054	16453	250496	61500	70656	72909	35290	28292	268647							
Côtes-d'Armor	133672	125334	160378	92412	64253	576049	68935	63477	80082	42645	22952	278091	64737	61857	80296	49767	41301	297958							
Creuse	23793	23731	36180	21643	18514	123861	12364	12066	18463	10329	7099	60321	11429	11665	17717	11314	11415	63540							
Dordogne	83418	82308	118201	70820	52046	406793	42578	41015	58240	33593	19997	195423	40840	41293	59961	37227	32049	211370							
Doubs	132988	141041	140229	66571	39304	520133	68518	71704	69388	31383	14677	255670	64470	69337	70841	35188	24627	264463							
Drôme	118771	111909	132435	67811	42502	473428	61254	55775	64636	32171	16138	229974	57517	56134	67799	35640	26364	243454							
Eure	153929	143293	163096	70012	41775	572105	78797	71428	81175	33258	15260	279918	75132	71865	81921	36754	26515	292187							
Eure-et-Loir	108764	105757	118780	52986	36124	422411	55889	53036	59241	25240	13998	207404	52875	52721	59539	27746	22126	215007							
Finistère	211197	213372	246865	126252	88220	885906	108125	109771	123650	57116	29964	428626	103072	103601	123215	69136	58256	457280							
Gard	167878	161679	195803	101240	63247	689847	86071	79474	95113	47961	24133	332752	81807	82205	100690	53279	39114	357095							
Haute-Garonne	294252	360344	323835	136773	87716	1202920	150108	181664	158544	63850	32143	586309	144144	178680	165291	72923	55573	616611							
Gers	38075	36590	54212	31016	23722	183615	19474	18343	26981	14977	9663	89438	18601	18247	27231	16039	14059	94177							
Gironde	335802	383734	392433	176475	120901	1409345	171252	189313	189445	81686	43491	675187	164550	194421	202988	94789	77410	734158							
Hérault	242372	264751	268298	143457	92329	1011207	123435	128526	127332	67034	35502	481829	118937	136225	140966	76423	56827	529378							
Ille-et-Vilaine	250970	268714	251468	111337	73357	955846	128249	135300	124814	51221	26753	466337	122721	133414	126654	60116	46604	489509							
Indre	49136	50387	65812	38773	28691	232799	25059	25647	33004	18227	10851	112788	24077	24740	32808	20546	17840	120011							
Indre-et-Loire	142963	149154	159279	77907	53783	583086	72816	73299	77890	36525	19950	280480	70147	75855	81389	41382	33833	302606							
Isère	311239	321129	317897	144150	84299	1178714	160171	162362	156827	68612	31476	579448	151068	158767	161070	75538	52823	599266							
Jura	63377	60038	72377	37114	25991	258897	32719	30135	36189	17619	9713	126375	30658	29903	36188	19495	16278	132522							
Landes	81573	81343	106552	58538	39486	367492	42194	41078	52424	27649	14918	178263	39379	40265	54128	30889	24568	189229							
Loir-et-Cher	75873	73964	91401	49139	35914	326291	38815	37041	45471	23138	13942	158407	37058	36923	45930	26001	21972	167884							
Loire	181288	181029	200415	105380	72556	740668	92694	90833	98314	49041	25688	356570	88594	90196	102101	56339	46868	384098							
Haute-Loire	51839	50017	62410	33242	22929	220437	26609	25522	32006	15775	8308	108220	25230	24495	30404	17467	14621	112217							
Loire-Atlantique	323801	337407	339937	149527	96126	1246798	165435	169968	167314	68312	33617	604646	158366	167439	172623	81215	62509	642152							
Loiret	164944	167801	177466	83089	54433	647733	84344	84125	87600	39504	20819	316392	80600	83676	89866	43585	33614	331341							
Lot	34879	33916	49724	30290	22364	171173	18022	17038	24631	14496	8874	83061	16857	16878	25093	15794	13490	88112							
Lot-et-Garonne	71243	70508	91523	52656	38240	324170	36811	35170	44778	24904	14814	156477	34432	35338	46745	27752	23426	167693							
Lozère	16529	17559	22195	11889	8708	76880	8735	9011	11540	5865	3426	38577	7794	8548	10655	6024	5282	38303							
Maine-et-Loire	205802	199885	205023	94421	65646	770777	104884	100243	101191	43640	24785	374743	100918	99642	103832	50781	40861	396034							
Manche	119832	111453	138936	72967	51965	495153	61425	56469	70368	33869	19106	241237	58407	54984	68568	39098	32859	253916							
Marne	142749	155488	156017	68220	44017	566491	73018	78348	76386	31889	15507	275148	69731	77140	79631	36331	28510	291343							
Haute-Marne	43734	43142	54189	27466	18876	187407	22459	22117	27163	13073	6894	91706	21275	21025	27026	14393	11982	95701							
Mayenne	78305	72305	81344	39641	29048	300643	40378	37180	40913	18668	11034	148173	37927	35125	40431	20973	18014	152470							
Meurthe-et-Moselle	179362	200295	197759	90863	58313	726592	91525	100785	96949	41822	20584	351665	87837	99510	100810	49041	37729	374927							
Meuse	47929	46889	55543	25745	17856	193962	24882	24280	28261	12103	6483	96009	23047	22609	27282	13642	11373	97953							
Morbihan	167014	163638	198059	106129	67647	702487	86364	84139	98332	49011	23771	341617	80650	79499	99727	57118	43876	360870							
Moselle	248901	275140	303189	134170	77623	1039023	127763	139801	150342	62985	28257	509148	121138	135339	152847	71185	49366	529875							
Nièvre	45765	45298	64497	38191	27737	221488	23511	22898	31880	17951	10074	106314	22254	22400	32617	20240	17663	115174							
Nord	706829	717069	679229	283683	178140	2564950	362045	356369	331393	126608	59763	1236178	344784	360700	347836	157075	118377	1328772							
Oise	218934	212289	227189	88197	50015	796624	112245	106694	113196	42404	18252	392791	106689	105595	113993	45793	31763	403833							
Orne	69583	65312	82302	43983	31429	292609	35854	33195	41167	20623	11723	142562	33729	32117	41135	23360	19706	150047							
Pas-de-Calais	393503	377330	400857	172403	112633	1456726	201817	188366	198500	76711	37262	702656	191686	188964	202357	95692	75371	754070							
Puy-de-Dôme	140010	162636	178880	87552	57561	626639	71029	81714	88479	41121	20123	302466	68981	80922	90401	46431	37438	324173							
Pyrénées-Atlantiques	142810	152101	183055	96735	68389	643090	73501	76848	89493	44557	25162	309561	69309	75253	93562	52178	43227	333529							
Hautes-Pyrénées	47961	48611	67085	37800	27137	228594	24661	24569	32841	17478	10006	109555	23300	24042	34244	20322	17131	119039							
Pyrénées-Orientales	98271	99343	117857	72046	49640	437157	50291	48177	56184	33531	19021	207204	47980	51166	61673	38515	30619	229953							
Bas-Rhin	268677	302665	306397	130537	76564	1084840	136664	150400	152931	62116	26329	528440	132013	152265	153466	68421	50235	556400							
Haut-Rhin	184458	194216	214104	93850	55780	742408	94408	97852	107379	45054	19406	364099	90050	96364	106725	48796	36374	378309							
Rhône	433417	489006	426882	201024	126744	1677073	219908	240268	205841	93617	45165	804799	213509	248738	221041	107407	81579	872274							
Haute-Saône	58134	56388	67885	33352	21438	237197	30102	28812	34102	16118	7931	117065	28032	27576	33783	17234	13507	120132							
Saône-et-Loire	125167	121118	158151	86064	61342	551842	65013	61138	78810	40413	22795	268169	60154	59980	79341	45651	38547	283673							
Sarthe	140646	136330	152577	74745	52648	556946	71931	68976	76015	35022	19930	271874	68715	67354	76562	39723	32718	285072							
Savoie	100535	103285	114594	53407	33714	405535	51979	52790	57170	25137	12344	199420	48556	50495	57424	28270	21370	206115							
Haute-Savoie	183196	191260	201209	84925	46118	706708	94787	96571	99580	40444	16827	348209	88409	94689	101629	44481	29291	358499							
Paris	435141	778460	567554	250518	161357	2193030	219081	378887	269694	111378	54076	1033116	216060	399573	297860	139140	107281	1159914							
Seine-Maritime	320792	326286	341349	155322	100862	1244611	163319	161780	166809	70779	35305	597992	157473	164506	174540	84543	65557	646619							
Seine-et-Marne	368456	360485	364330	127310	68943	1289524	188388	177467	180144	61327	24657	631983	180068	183018	184186	65983	44286	657541							
Yvelines	389566	377698	393763	159240	83690	1403957	199725	187962	190543	76526	30804	685560	189841	189736	203220	82714	52886	718397							
Deux-Sèvres	85136	84729	102520	52382	38177	362944	44043	42836	51002	25165	15073	178119	41093	41893	51518	27217	23104	184825							
Somme	143528	150390	154166	71245	46581	565910	73414	74941	76261	33007	17002	274625	70114	75449	77905	38238	29579	291285							
Tarn	82856	81186	104260	56829	44058	369189	42522	40664	50964	26689	17133	177972	40334	40522	53296	30140	26925	191217							
Tarn-et-Garonne	55476	53628	65506	33394	23759	231763	28454	26642	32729	15761	9256	112842	27022	26986	32777	17633	14503	118921							
Var	224781	222986	274293	168230	105644	995934	115568	111144	131637	79138	40491	477978	109213	111842	142656	89092	65153	517956							
Vaucluse	134963	128991	148999	77574	47614	538141	69368	63483	71936	36552	17878	259217	65595	65508	77063	41022	29736	278924							
Vendée	145060	143469	168273	91754	58874	607430	74310	73134	84256	43573	22438	297711	70750	70335	84017	48181	36436	309719							
Vienne	99532	110789	114154	56671	40745	421891	50293	54730	56527	26910	15694	204154	49239	56059	57627	29761	25051	217737							
Haute-Vienne	78427	90689	104475	55083	42428	371102	39932	44906	51127	25766	15755	177486	38495	45783	53348	29317	26673	193616							
Vosges	92401	88974	109578	53457	35894	380304	47480	45380	54717	24887	12361	184825	44921	43594	54861	28570	23533	195479							
Yonne	81181	77264	96684	49926	36363	341418	41636	38647	48307	23808	13547	165945	39545	38617	48377	26118	22816	175473							
Territoire de Belfort	35387	38979	39439	17684	10955	142444	18272	20879	19600	8339	3803	70893	17115	18100	19839	9345	7152	71551							
Essonne	332558	335696	333992	131849	67899	1201994	169929	168067	164025	62935	24634	589590	162629	167629	169967	68914	43265	612404							
Hauts-de-Seine	387563	482086	404814	161518	108430	1544411	196992	235476	192672	73617	37202	735959	190571	246610	212142	87901	71228	808452							
Seine-Saint-Denis	435109	454414	397098	140966	74753	1502340	221580	222355	195704	68905	26414	734958	213529	232059	201394	72061	48339	767382							
Val-de-Marne	337525	386148	354070	139829	85317	1302889	173008	187767	171241	64727	29497	626240	164517	198381	182829	75102	55820	676649							
Val-d'Oise	336059	328308	323309	112904	60141	1160721	172309	160395	156871	54232	21198	565005	163750	167913	166438	58672	38943	595716							
	15315094	16181437	17038546	8033849	5226312	61795238	7838862	8061327	8361052	3753507	1902830	29917578	7476232	8120110	8677494	4280342	3323482	31877660							
Guadeloupe 	122977	98651	110972	45406	22578	400584	63118	44730	51025	20686	8766	188325	59859	53921	59947	24720	13812	212259							
Martinique 	113813	97129	113223	48495	25070	397730	57391	44191	51680	22116	9592	184970	56422	52938	61543	26379	15478	212760							
Guyane	94722	63937	41967	9220	3185	213031	47623	30538	21381	4720	1284	105546	47099	33399	20586	4500	1901	107485							
La Réunion	278190	227692	200272	63748	24205	794107	141874	107793	97687	29243	8738	385335	136316	119899	102585	34505	15467	408772							
	609702	487409	466434	166869	75038	1805452	310006	227252	221773	76765	28380	864176	299696	260157	244661	90104	46658	941276							
	15924796	16668846	17504980	8200718	5301350	63600690	8148868	8288579	8582825	3830272	1931210	30781754	7775928	8380267	8922155	4370446	3370140	32818936							
																									
																									
