	Ensemble						Hommes						Femmes														
	0 à 19 ans	20 à 39 ans	40 à 59 ans	60 à 74 ans	75 ans et plus	Total	0 à 19 ans	20 à 39 ans	40 à 59 ans	60 à 74 ans	75 ans et plus	Total	0 à 19 ans	20 à 39 ans	40 à 59 ans	60 à 74 ans	75 ans et plus	Total									
Ain	123830	110580	84889	47456	20452	387207	63529	58158	43745	21501	7026	193959	60301	52422	41144	25955	13426	193248									
Aisne	184614	142829	115538	63134	27820	533935	94645	74084	57995	28089	9825	264638	89969	68745	57543	35045	17995	269297									
Allier	107327	90449	89907	60632	27833	376148	54885	46279	44616	27526	9529	182835	52442	44170	45291	33106	18304	193313									
Alpes-de-Haute-Provence	33275	28963	26692	17375	7640	113945	17209	15049	13634	8299	2747	56938	16066	13914	13058	9076	4893	57007									
Hautes-Alpes	29358	27084	23031	14031	5929	99433	15176	14022	11847	6651	2100	49796	14182	13062	11184	7380	3829	49637									
Alpes-Maritimes	198656	210953	199050	153012	70940	832611	101711	105822	93874	65735	24898	392040	96945	105131	105176	87277	46042	440571									
Ardèche	78188	64550	60198	39233	17807	259976	40238	33246	30415	17632	5852	127383	37950	31304	29783	21601	11955	132593									
Ardennes	109785	81397	66211	35237	14839	307469	56177	42758	33516	15860	5069	153380	53608	38639	32695	19377	9770	154089									
Ariège	35637	30656	33526	25136	12286	137241	18320	15972	16846	11911	4647	67696	17317	14684	16680	13225	7639	69545									
Aube	91822	79137	61313	36854	17083	286209	47104	40832	30513	16573	5966	140988	44718	38305	30800	20281	11117	145221									
Aude	73524	61735	68186	48225	22938	274608	38193	31378	33316	22401	8360	133648	35331	30357	34870	25824	14578	140960									
Aveyron	78086	65632	66867	47425	20574	278584	39864	33839	33426	22103	7251	136483	38222	31793	33441	25322	13323	142101									
Bouches-du-Rhône	497554	475724	392215	205484	85225	1656202	254558	242767	195300	91009	28121	811755	242996	232957	196915	114475	57104	844447									
Calvados	199622	162165	120419	61501	24601	568308	101903	81894	58856	26574	7123	276350	97719	80271	61563	34927	17478	291958									
Cantal	50488	39908	38561	25810	10892	165659	25825	20971	19662	12029	3693	82180	24663	18937	18899	13781	7199	83479									
Charente	103807	84777	78398	49276	22014	338272	53002	43047	39088	22554	7482	165173	50805	41730	39310	26722	14532	173099									
Charente-Maritime	156168	124392	114966	74036	32359	501921	79951	63259	56607	34324	11117	245258	76217	61133	58359	39712	21242	256663									
Cher	95237	81560	70816	47917	21821	317351	48459	42622	35693	21879	7580	156233	46778	38938	35123	26038	14241	161118									
Corrèze	64288	57018	58979	42062	18681	241028	33114	29382	29228	19341	6528	117593	31174	27636	29751	22721	12153	123435									
Corse-du-Sud	26650	29292	24803	16025	6570	103340	13691	16828	12770	7352	2141	52782	12959	12464	12033	8673	4429	50558									
Haute-Corse	32481	37472	30174	18818	8154	127099	16837	22929	15689	8795	2885	67135	15644	14543	14485	10023	5269	59964									
Côte-d'Or	151218	133389	97548	53817	24336	460308	76835	68069	48572	24482	8147	226105	74383	65320	48976	29335	16189	234203									
Côtes-d'Armor	168678	127424	123574	80106	29567	529349	86813	65862	60993	34846	8537	257051	81865	61562	62581	45260	21030	272298									
Creuse	35986	29661	35456	29012	14512	144627	18423	15776	18015	13412	5052	70678	17563	13885	17441	15600	9460	73949									
Dordogne	102307	85710	92909	65234	28118	374278	52586	43665	46107	30471	9588	182417	49721	42045	46802	34763	18530	191861									
Doubs	167102	144159	97718	46071	17477	472527	84815	75309	49195	20366	5719	235404	82287	68850	48523	25705	11758	237123									
Drôme	117236	99898	82699	47852	20876	368561	60261	50799	41138	21629	7051	180878	56975	49099	41561	26223	13825	187683									
Eure	151111	121305	91204	49061	20378	433059	77119	62648	46055	22307	6599	214728	73992	58657	45149	26754	13779	218331									
Eure-et-Loir	114349	94850	71877	42626	18326	342028	58976	49101	36383	19909	6606	170975	55373	45749	35494	22717	11720	171053									
Finistère	256901	201931	189436	118406	43596	810270	131422	104099	92292	50902	13834	392549	125479	97832	97144	67504	29762	417721									
Gard	148390	129950	121529	71706	32008	503583	76021	66333	59990	32478	10618	245440	72369	63617	61539	39228	21390	258143									
Haute-Garonne	231742	235543	182031	98114	42206	789636	118518	117507	89051	44605	14344	384025	113224	118036	92980	53509	27862	405611									
Gers	48145	40602	43632	29907	13096	175382	24689	20905	22272	14569	4767	87202	23456	19697	21360	15338	8329	88180									
Gironde	322182	301649	247666	141102	66447	1079046	164150	150823	120513	61787	20823	518096	158032	150826	127153	79315	45624	560950									
Hérault	190847	179149	153096	95915	43968	662975	97475	89386	73919	43304	15002	319086	93372	89763	79177	52611	28966	343889									
Ille-et-Vilaine	243590	200164	155713	84739	30608	714814	123857	100410	75922	36142	8657	344988	119733	99754	79791	48597	21951	369826									
Indre	72033	58950	56651	40693	19062	247389	36860	30760	28368	18992	6728	121708	35173	28190	28283	21701	12334	125681									
Indre-et-Loire	158610	134391	103179	61613	28317	486110	80575	67428	50912	28200	9521	236636	78035	66963	52267	33413	18796	249474									
Isère	288228	265333	193005	94491	38953	880010	147693	136272	97519	41423	12649	435556	140535	129061	95486	53068	26304	444454									
Jura	77678	61733	53514	33090	14066	240081	39878	32048	26630	15201	4775	118532	37800	29685	26884	17889	9291	121549									
Landes	85367	70997	69162	45316	19936	290778	43858	36051	34644	20735	6555	141843	41509	34946	34518	24581	13381	148935									
Loir-et-Cher	89910	72597	62191	42577	19959	287234	46124	37291	31168	19704	6933	141220	43786	35306	31023	22873	13026	146014									
Loire	235012	200858	171334	94272	40070	741546	119835	103022	84627	41011	12187	360682	115177	97836	86707	53261	27883	380864									
Haute-Loire	60898	49611	47671	32366	15121	205667	31296	25947	23732	14609	4987	100571	29602	23664	23939	17757	10134	105096									
Loire-Atlantique	330155	264071	207081	105321	43765	950393	168867	132103	101011	44853	12536	459370	161288	131968	106070	60468	31229	491023									
Loiret	160219	143632	107020	62898	27641	501410	81875	73710	53553	29009	9629	247776	78344	69922	53467	33889	18012	253634									
Lot	41366	35259	36410	27020	11673	151728	21243	18011	18127	12610	4030	74021	20123	17248	18283	14410	7643	77707									
Lot-et-Garonne	84839	71940	71086	46160	20116	294141	43256	36445	35031	21652	7095	143479	41583	35495	36055	24508	13021	150662									
Lozère	21467	18418	16687	12334	5695	74601	11030	9810	8640	5789	1978	37247	10437	8608	8047	6545	3717	37354									
Maine-et-Loire	231800	172480	131222	72842	33148	641492	117886	86770	64176	32317	10787	311936	113914	85710	67046	40525	22361	329556									
Manche	154559	111843	106605	60629	21976	455612	78724	57327	52637	26159	5896	220743	75835	54516	53968	34470	16080	234869									
Marne	183089	159703	109222	56636	24436	533086	93215	82306	54856	24867	8329	263573	89874	77397	54366	31769	16107	269513									
Haute-Marne	73485	56014	45134	26041	11070	211744	37772	29486	22795	12006	3658	105717	35713	26528	22339	14035	7412	106027									
Mayenne	91554	67310	58641	33948	12976	264429	46770	33830	29109	14852	3758	128319	44784	33480	29532	19096	9218	136110									
Meurthe-et-Moselle	241431	212479	158627	77698	30364	720599	122722	110395	79147	33674	9899	355837	118709	102084	79480	44024	20465	364762									
Meuse	68478	52553	44412	26226	11448	203117	35302	27555	22325	11651	3880	100713	33176	24998	22087	14575	7568	102404									
Morbihan	192863	142935	131135	77301	26665	570899	99050	73903	64975	33259	7967	279154	93813	69032	66160	44042	18698	291745									
Moselle	357434	291440	225917	97828	33029	1005648	182675	152512	114690	43391	11322	504590	174759	138928	111227	54437	21707	501058									
Nièvre	70616	57907	54968	40546	19883	243920	36335	30094	27422	18604	6929	119384	34281	27813	27546	21942	12954	124536									
Nord	892599	702702	536899	269107	108800	2510107	455187	360313	265362	113619	34502	1228983	437412	342389	271537	155488	74298	1281124									
Oise	219928	183745	126564	62194	27849	620280	112827	96449	64969	28034	9360	311639	107101	87296	61595	34160	18489	308641									
Orne	100345	74967	66177	37172	15393	294054	51263	38354	32960	16504	4644	143725	49082	36613	33217	20668	10749	150329									
Pas-de-Calais	504152	367902	312963	160983	59182	1405182	257250	187903	152909	68299	18702	685063	246902	179999	160054	92684	40480	720119									
Puy-de-Dôme	177199	166952	134818	73194	31562	583725	90496	86061	67623	32587	10154	286921	86703	80891	67195	40607	21408	296804									
Pyrénées-Atlantiques	163159	135898	126912	79904	34509	540382	83066	67876	62551	35840	11348	260681	80093	68022	64361	44064	23161	279701									
Hautes-Pyrénées	64786	56596	56424	35082	14362	227250	33311	28508	27917	16143	4713	110592	31475	28088	28507	18939	9649	116658									
Pyrénées-Orientales	84957	69648	77528	54558	22185	308876	43643	34146	37425	25351	8082	148647	41314	35502	40103	29207	14103	160229									
Bas-Rhin	290434	262928	190745	106657	39346	890110	147611	137385	92473	44578	13106	435153	142823	125543	98272	62079	26240	454957									
Haut-Rhin	208303	186969	140841	73176	29192	638481	106478	98382	69477	30190	9178	313705	101825	88587	71364	42986	20014	324776									
Rhône	455860	435749	322003	153758	64167	1431537	232486	222158	160254	64503	19453	698854	223374	213591	161749	89255	44714	732683									
Haute-Saône	75211	58032	47584	30757	13223	224807	38689	30617	23825	13725	4387	111243	36522	27415	23759	17032	8836	113564									
Saône-et-Loire	179200	144565	130238	80039	36342	570384	91777	74763	65148	36197	12215	280100	87423	69802	65090	43842	24127	290284									
Sarthe	171569	129093	105774	61748	26486	494670	88085	65394	52085	27641	8468	241673	83484	63699	53689	34107	18018	252997									
Savoie	98756	88315	70354	37076	15269	309770	50502	45767	35639	16764	5158	153830	48254	42548	34715	20312	10111	155940									
Haute-Savoie	150013	144785	98957	47617	17878	459250	76886	74677	49756	21334	5963	228616	73127	70108	49201	26283	11915	230634									
Paris	442615	773235	546070	349127	156066	2267113	222406	391401	251658	136143	46326	1047934	220209	381834	294412	212984	109740	1219179									
Seine-Maritime	404278	338305	254306	129181	51639	1177709	206086	172706	125576	56375	16082	576825	198192	165599	128730	72806	35557	600884									
Seine-et-Marne	271693	238554	163436	78646	35772	788101	138927	121667	83677	35249	12109	391629	132766	116887	79759	43397	23663	396472									
Yvelines	381001	357830	247740	84985	37879	1109435	195365	181811	126548	37220	11544	552488	185636	176019	121192	47765	26335	556947									
Deux-Sèvres	111545	84380	74897	46538	20592	337952	57251	43157	37545	21971	7368	167292	54294	41223	37352	24567	13224	170660									
Somme	187895	145573	112446	65526	28809	540249	95375	74366	55913	29234	9979	264867	92520	71207	56533	36292	18830	275382									
Tarn	97346	81756	83566	52165	23688	338521	50249	41173	41361	23968	8392	165143	47097	40583	42205	28197	15296	173378									
Tarn-et-Garonne	54442	44779	44036	29596	12588	185441	27980	22779	21784	13795	4504	90842	26462	22000	22252	15801	8084	94599									
Var	180050	169816	155261	102534	39638	647299	93002	87832	76465	46723	13388	317410	87048	81984	78796	55811	26250	329889									
Vaucluse	122953	110467	92144	52788	21667	400019	63141	57061	45688	23970	7435	197295	59812	53406	46456	28818	14232	202724									
Vendée	156802	116176	98764	62292	25211	459245	80249	59664	49067	28140	8132	225252	76553	56512	49697	34152	17079	233993									
Vienne	114549	95329	78287	50373	22575	361113	58213	48466	39157	23544	7928	177308	56336	46863	39130	26829	14647	183805									
Haute-Vienne	93788	90784	84405	57535	26804	353316	47741	46217	41841	26108	9113	171020	46047	44567	42564	31427	17691	182296									
Vosges	133784	105466	85790	51977	20479	397496	68413	55074	42353	22173	6316	194329	65371	50392	43437	29804	14163	203167									
Yonne	91582	75741	63963	48393	23033	302712	46911	40000	32207	22371	8333	149822	44671	35741	31756	26022	14700	152890									
Territoire de Belfort	42690	37967	28594	14098	5864	129213	22057	20103	14436	6003	1888	64487	20633	17864	14158	8095	3976	64726									
Essonne	328752	304601	202921	68384	32835	937493	168531	153780	104338	30149	10324	467122	160221	150821	98583	38235	22511	470371									
Hauts-de-Seine	379923	460017	360581	156068	66475	1423064	192751	236046	178814	65162	19848	692621	187172	223971	181767	90906	46627	730443									
Seine-Saint-Denis	422602	418904	314528	115910	47178	1319122	216820	216823	159780	49719	14765	657907	205782	202081	154748	66191	32413	661215									
Val-de-Marne	361228	387167	289346	115615	53857	1207213	183320	197184	142843	49458	15970	588775	177908	189983	146503	66157	37887	618438									
Val-d'Oise	296326	272059	192269	68280	30757	859691	151473	137816	97546	29772	9705	426312	144853	134243	94723	38508	21052	433379									
	16703587	14901863	11989832	6613226	2810497	53019005	8535010	7632785	5942117	2912471	916194	25938577	8168577	7269078	6047715	3700755	1894303	27080428									
																											
																											
																											
